-2.500003995309353633e-02 -2.537571021274076868e-02 -2.500000000000007772e-02
-2.500003995309353633e-02 -2.537571021274076868e-02 -2.500000000000007772e-02
-2.500003995309353633e-02 -2.537571021274076868e-02 -2.500000000000007772e-02
3.000000000000000000e+00 3.000000000000000000e+00 3.000000000000000000e+00
3.000000000000000000e+00 3.000000000000000000e+00 3.000000000000000000e+00
3.000000000000000000e+00 3.000000000000000000e+00 3.000000000000000000e+00
3.000000000000000000e+00 3.000000000000000000e+00 3.000000000000000000e+00
3.000000000000000000e+00 3.000000000000000000e+00 3.000000000000000000e+00
3.000000000000000000e+00 3.000000000000000000e+00 3.000000000000000000e+00
3.000000000000000000e+00 3.000000000000000000e+00 3.000000000000000000e+00
3.000000000000000000e+00 3.000000000000000000e+00 3.000000000000000000e+00
3.000000000000000000e+00 3.000000000000000000e+00 3.000000000000000000e+00
3.000000000000000000e+00 3.000000000000000000e+00 3.000000000000000000e+00
3.000000000000000000e+00 3.000000000000000000e+00 3.000000000000000000e+00
3.000000000000000000e+00 3.000000000000000000e+00 3.000000000000000000e+00
3.000000000000000000e+00 3.000000000000000000e+00 3.000000000000000000e+00
3.000000000000000000e+00 3.000000000000000000e+00 3.000000000000000000e+00
3.000000000000000000e+00 3.000000000000000000e+00 3.000000000000000000e+00
3.000000000000000000e+00 3.000000000000000000e+00 3.000000000000000000e+00
3.000000000000000000e+00 3.000000000000000000e+00 3.000000000000000000e+00
3.000000000000000000e+00 3.000000000000000000e+00 3.000000000000000000e+00
3.000000000000000000e+00 3.000000000000000000e+00 3.000000000000000000e+00
